,AA,H,VSC,P1,P2,SASA,NCISC
0,A,0.6362505881446507,-1.2708869379650543,-0.08579993383874304,-1.364091085102476,-1.4176159447819017,-0.4526541938148925
1,C,0.2976010815515301,-0.7884323561201785,-1.0772658359753309,-0.50200654576989,-0.7950744382904766,-1.1437698931705165
2,D,-0.9235895634357834,-0.9182154600082738,1.782731958649442,-0.7438107458265909,-0.5149307603693357,-0.941943973706662
3,E,-0.7593958632694219,-0.2975136588043401,1.5157988311511301,-0.26020234571318923,0.09649393350617108,-0.4587294853702939
4,F,1.2211906449873136,1.2119202668506805,-1.1916657477603216,1.2011360807164377,0.9102446169913909,0.026504840158519467
5,G,0.4925811004990844,-2.0467641894699713,0.2573998015162298,-1.8476994852158775,-2.084624701737,2.2593717364943595
6,H,-0.4104842504159038,0.1821195512168814,0.7912660565128542,0.5703425153511313,0.4589020247851073,-0.7347528617003752
7,I,1.4161706639348677,0.5912184656467468,-1.1916657477603216,0.10776056741657301,-0.019120917699379347,-0.224728190629911
8,K,-1.539315939059639,0.7746076341842727,1.1344657918678271,0.45469702836749165,0.9769454926869003,-0.2866330445827414
9,L,1.087783263602145,0.5912184656467468,-1.3060656595453124,0.10776056741657301,0.24990594760584353,0.24931813045012416
10,M,0.6567748006654459,0.6081466965886722,-1.0009992281186701,0.47572348054633523,0.47891228749375997,-0.523727215024056
11,N,-0.8004442883110122,-0.39061892898493006,1.2488657036528177,-0.43892718923335927,-0.36374210879284674,-0.4809792544433224
12,P,0.12314527512477108,-0.8646093953588432,-0.12393323776707321,-0.47046686750162464,-0.7795109006281913,3.213729029946623
13,Q,-0.8722790321337953,0.23008287221900364,0.8293993604411843,0.0446812108800423,0.25212931012902695,0.21048360442975303
14,R,-2.5963128838805907,0.9156762253669849,0.8293993604411843,1.2116493068058594,1.6484009746883657,0.12173700778669468
15,S,-0.18471791268715668,-1.220102245139278,0.33366640937289016,-1.1958794676717273,-1.1574825295694133,-0.4930509376637953
16,T,-0.051310531301988004,-0.5994004439353443,0.10486658580290847,-0.7122710675583256,-0.6527792368067228,-0.5131704096979168
17,V,1.1083074761229401,-0.0294833355571869,-0.9247326202620094,-0.3758478326968286,-0.3859757340246833,0.33345697349791703
18,W,0.8312306070922051,2.0583318139469537,-1.115399139903661,2.452209985357629,1.8774073145762822,0.033211330836559895
19,Y,0.26681476277033733,1.2627049596764568,-0.8103327084770187,1.2852418894318118,1.2215153702371027,-0.193673193796067
